Posicion inicial: 5 1
Posicion final: 13 17
Coste total: 103
Nodos abiertos: (15, 9) (14, 8) (15, 8) (16, 12) (16, 11) (16, 13) (12, 14) (12, 16) (15, 15) (7, 11) (7, 10) (7, 12) (16, 10) (15, 16) (16, 9) (16, 4) (16, 3) (16, 14) (12, 15) (16, 2) (16, 15) 
Nodos cerrados: (5, 1) (6, 2) (5, 2) (7, 3) (7, 2) (6, 3) (8, 4) (7, 4) (8, 3) (5, 3) (8, 2) (6, 4) (9, 4) (5, 4) (9, 3) (10, 5) (9, 2) (10, 4) (4, 2) (11, 6) (10, 6) (11, 5) (10, 3) (12, 7) (11, 4) (4, 3) (11, 7) (12, 6) (10, 2) (10, 7) (12, 5) (11, 3) (12, 8) (12, 4) (11, 2) (4, 4) (11, 8) (12, 3) (10, 8) (12, 9) (12, 2) (13, 4) (11, 9) (13, 10) (13, 3) (10, 9) (12, 10) (3, 3) (3, 2) (11, 10) (13, 2) (13, 11) (10, 10) (3, 4) (12, 11) (11, 11) (13, 12) (10, 11) (12, 12) (11, 12) (14, 11) (10, 12) (9, 10) (14, 4) (2, 4) (14, 10) (14, 12) (14, 3) (2, 3) (9, 11) (2, 2) (14, 2) (14, 13) (9, 12) (13, 14) (14, 14) (14, 9) (15, 12) (13, 15) (8, 11) (15, 11) (14, 15) (8, 10) (15, 10) (15, 4) (15, 13) (13, 16) (8, 12) (15, 3) (14, 16) (15, 2) (15, 14) (13, 17) 

#################
#   #           #
#   #           #
#   #           #
S   #   #   #####
#█  #   #   #   #
# █ #   #   #   #
#  █#   #   #   #
#  █#####   #   #
#   █       #   #
#    █      #   #
#     ███   #   #
#   #####███#███F
#   #       █   #
#   #           #
#   #           #
#################
