Posición inicial: 12 18
Posición final: 1 11
Coste total: 189
Nodos abiertos: (2, 11) 
Nodos cerrados: (12, 18) (11, 17) (12, 17) (11, 16) (12, 16) (11, 15) (12, 15) (13, 17) (11, 14) (12, 14) (13, 16) (11, 13) (12, 13) (13, 15) (11, 12) (12, 12) (13, 14) (11, 11) (12, 11) (13, 13) (13, 12) (13, 11) (11, 10) (12, 10) (14, 12) (13, 10) (11, 9) (12, 9) (13, 9) (11, 8) (12, 8) (13, 8) (11, 7) (12, 7) (13, 7) (11, 6) (12, 6) (13, 6) (10, 5) (11, 5) (9, 6) (9, 5) (12, 5) (8, 7) (8, 6) (9, 7) (7, 8) (8, 8) (7, 7) (8, 5) (7, 6) (9, 8) (7, 9) (7, 5) (8, 9) (6, 10) (13, 5) (9, 9) (6, 6) (7, 10) (9, 4) (6, 5) (8, 10) (5, 10) (5, 7) (9, 10) (11, 4) (7, 11) (8, 4) (4, 8) (12, 4) (8, 11) (4, 10) (5, 8) (4, 7) (5, 5) (9, 11) (7, 4) (4, 9) (5, 9) (4, 5) (6, 4) (8, 3) (3, 5) (5, 4) (9, 3) (13, 4) (7, 3) (10, 3) (6, 12) (2, 5) (4, 4) (7, 12) (11, 3) (6, 3) (8, 12) (12, 3) (5, 12) (9, 12) (3, 4) (5, 3) (4, 12) (7, 2) (8, 2) (4, 3) (6, 2) (13, 3) (5, 13) (9, 2) (6, 13) (3, 3) (10, 2) (11, 2) (5, 2) (7, 13) (4, 13) (12, 2) (8, 13) (2, 3) (9, 13) (4, 2) (3, 2) (4, 14) (5, 14) (13, 2) (2, 2) (10, 1) (6, 14) (7, 14) (8, 14) (9, 14) (4, 15) (5, 15) (6, 15) (7, 15) (8, 15) (9, 15) (8, 16) (9, 16) (7, 17) (8, 17) (9, 17) (6, 17) (5, 17) (4, 17) (3, 17) (2, 16) (2, 17) (2, 15) (1, 16) (2, 14) (2, 13) (2, 12) (1, 11) 
Camino: (12, 18) (11, 17) (11, 16) (11, 15) (11, 14) (11, 13) (11, 12) (11, 11) (11, 10) (11, 9) (11, 8) (11, 7) (11, 6) (10, 5) (9, 6) (8, 7) (8, 8) (8, 9) (8, 10) (8, 11) (8, 12) (8, 13) (8, 14) (8, 15) (8, 16) (7, 17) (6, 17) (5, 17) (4, 17) (3, 17) (2, 16) (2, 15) (2, 14) (2, 13) (2, 12) (1, 11) 

##########F#### ##
#  # #     █████ #
#    ###########█#
#    #    #    #█#
#    #    #    #█#
#     ### #    #█#
#              #█#
#     ██████████ #
#    █           #
   #█#############
#    ████████████#
#                S
#                #
########### ######
